
Grafo  (Orden 7)

       alc gEnt oTop dist peso  ant 
     +----+----+----+----+----+----+
   1 |  0 |  0 |  0 |  0 |  0 |  0 | -> 2,  2 -> 3,  4 -> 4,  1
   2 |  0 |  0 |  0 |  0 |  0 |  0 | -> 1,  2 -> 4,  3 -> 5, 10
   3 |  0 |  0 |  0 |  0 |  0 |  0 | -> 1,  4 -> 4,  2 -> 6,  5
   4 |  0 |  0 |  0 |  0 |  0 |  0 | -> 1,  1 -> 2,  3 -> 3,  2 -> 5,  7 -> 6,  8 -> 7,  4
   5 |  0 |  0 |  0 |  0 |  0 |  0 | -> 2, 10 -> 4,  7 -> 7,  6
   6 |  0 |  0 |  0 |  0 |  0 |  0 | -> 3,  5 -> 4,  8 -> 7,  1
   7 |  0 |  0 |  0 |  0 |  0 |  0 | -> 4,  4 -> 5,  6 -> 6,  1
     +----+----+----+----+----+----+


Grafo  (Orden 7)

       alc gEnt oTop dist peso  ant 
     +----+----+----+----+----+----+
   1 |  0 |  0 |  0 |  0 |  0 |  0 | -> 4,  1 -> 2,  2
   2 |  0 |  0 |  0 |  0 |  0 |  0 | -> 1,  2
   3 |  0 |  0 |  0 |  0 |  0 |  0 | -> 4,  2
   4 |  0 |  0 |  0 |  0 |  0 |  0 | -> 1,  1 -> 3,  2 -> 7,  4
   5 |  0 |  0 |  0 |  0 |  0 |  0 | -> 7,  6
   6 |  0 |  0 |  0 |  0 |  0 |  0 | -> 7,  1
   7 |  0 |  0 |  0 |  0 |  0 |  0 | -> 6,  1 -> 4,  4 -> 5,  6
     +----+----+----+----+----+----+

